0.638549
1.28871
1.93887
2.60063
3.22757
3.83129
4.4234
5.01551
5.61923
6.22295
6.82667
7.43039
8.02249
8.6146
9.21832
9.82204
10.4258
11.0295
11.6216
12.2137
12.8174
13.4211
14.0249
14.6286
15.2207
15.8128
16.4165
17.0202
17.6239
18.2277
18.8198
19.4119
20.0156
20.6193
21.223
21.8268
22.4305
23.0226
23.6147
24.2184
24.8221
25.4258
26.018
26.6101
27.2138
27.8175
28.4212
29.0249
29.6287
30.2208
30.8129
31.4166
32.0203
32.624
33.2278
33.8315
34.4236
35.0273
35.6194
36.2231
36.8268
37.4306
38.0227
38.6148
39.2185
39.8222
40.4259
41.0297
41.6218
42.2139
42.8176
43.4213
44.025
44.6288
45.2209
45.8246
46.4167
47.0204
47.6241
48.2278
48.8316
49.4353
50.039
50.6543
51.2813
51.8966
52.5003
53.104
53.7078
54.3115
54.9036
55.4957
56.0994
56.7031
