0.406349
0.812698
1.20744
1.61379
1.99692
2.39166
2.75156
3.13469
3.51782
3.88934
4.27247
4.6556
5.03873
5.43347
5.8166
6.19973
6.57125
6.95438
7.3259
7.70902
8.08054
8.45206
8.82358
9.21832
9.58984
9.96136
10.3329
10.7044
11.0759
11.4474
11.819
12.2021
12.5852
12.9567
13.3283
13.6998
14.0713
14.466
14.8376
15.2091
15.5806
15.9521
16.3236
16.7068
17.0667
17.4498
17.8329
18.2044
18.576
18.9475
19.3306
19.7021
20.0853
20.4568
20.8283
21.1998
21.5713
21.9429
22.3144
22.6859
23.069
23.4522
23.8237
24.2184
24.5899
24.9615
25.333
25.7045
26.076
26.4475
26.819
27.2138
27.5853
27.9568
28.3283
28.6999
29.0714
29.4545
29.8376
30.1975
30.5807
30.9522
31.3237
31.6952
32.0668
32.4499
32.833
33.2045
33.5761
33.936
34.3191
34.7022
35.0854
35.4569
35.8284
36.1883
36.5714
36.9429
37.3145
37.6976
38.0807
38.4522
38.8238
39.2069
39.59
39.9615
40.3331
40.7046
41.0761
41.4476
41.8191
42.2023
42.5854
42.9569
43.3284
43.7
44.0831
44.4662
44.8377
45.2093
45.5808
45.9523
46.3238
46.6953
47.0668
47.45
47.8331
48.2046
48.5761
48.9593
49.3424
49.7139
50.0854
50.457
50.8285
51.2
51.5715
51.9546
52.3262
52.7093
53.0808
53.4523
53.8239
54.2186
54.5901
54.9616
55.3332
55.7047
56.0762
56.4477
56.8192
57.1907
57.5739
57.957
58.3285
58.7
59.0832
59.4663
59.8378
60.2093
60.5809
60.9524
61.3239
61.6954
62.0785
62.4617
62.8332
63.2047
63.5762
63.9478
64.3309
64.714
65.0855
65.4571
65.8286
66.2001
66.5716
66.9431
67.3146
67.6978
68.0809
68.4524
68.8356
69.2187
69.5902
69.9617
70.3332
70.7048
71.0763
71.4478
71.8193
72.2141
72.6088
73.0035
73.3983
73.793
74.1878
74.5825
74.9772
75.372
75.7667
76.1382
76.5098
76.8929
77.276
77.6475
78.019
78.3906
78.7621
79.1336
79.5051
79.8883
80.2714
80.6429
81.0144
81.3976
81.7807
82.1522
82.5237
82.8952
83.2668
83.6383
84.0098
84.3813
84.7644
85.1476
85.5191
85.8906
86.2621
86.6453
87.0284
87.3999
87.7714
88.1429
88.5145
88.886
89.2575
89.629
90.0122
90.3953
90.7668
91.1383
91.5214
91.9046
92.2761
92.6476
93.0191
93.3907
93.7622
94.1337
94.5168
94.9
95.2715
95.643
96.0145
96.386
96.7575
97.1407
97.5238
97.8953
98.2668
98.6384
99.0099
99.3814
99.7645
100.148
100.519
100.891
101.274
101.657
102.028
102.4
102.772
103.143
103.526
103.886
104.258
104.641
105.012
105.395
105.767
106.138
106.51
106.905
107.276
107.648
108.019
108.391
108.762
109.134
109.505
109.888
110.272
110.643
111.015
111.398
111.781
112.176
112.57
112.953
113.337
113.731
114.126
114.509
114.892
115.287
115.693
116.077
116.448
116.831
117.214
117.597
117.957
118.329
118.7
119.084
119.443
119.827
120.21
120.593
120.953
121.313
121.684
122.067
122.439
122.81
123.193
123.565
123.937
124.32
124.703
125.086
125.457
125.829
126.2
126.572
126.943
127.327
127.71
128.081
128.453
128.836
129.219
129.591
129.962
130.334
130.705
131.077
131.448
131.831
132.214
132.586
132.957
133.329
133.701
134.095
134.513
134.931
135.326
135.721
136.127
136.51
136.905
137.276
137.648
138.019
138.391
138.762
139.134
139.505
139.889
140.272
140.643
141.015
141.386
141.781
142.153
142.524
142.896
143.267
143.639
144.01
144.382
144.753
145.136
145.519
145.891
146.286
146.669
