0.603719
1.18422
1.78794
2.39166
3.0302
3.69197
4.31891
4.96907
5.63084
6.24617
6.87311
7.47683
8.08054
8.67265
9.26476
9.86848
10.4722
11.0759
11.6796
12.2717
12.8639
13.4676
14.0713
14.675
15.2787
15.8592
16.4629
17.0667
17.6704
18.2741
18.8778
19.4815
20.0737
20.6658
21.2695
21.8732
22.4769
23.0806
23.6727
24.2649
24.8686
25.4723
26.076
26.6797
27.2834
27.8872
28.4677
29.0714
29.6751
30.2788
30.8825
31.4746
32.0668
32.6705
33.2742
33.8779
34.4816
35.0737
35.6658
36.2696
36.8733
37.477
38.0807
38.6728
39.2649
39.8687
40.4724
41.0761
41.6798
42.2835
42.8756
43.4678
44.0715
44.6752
45.2789
45.8826
46.4863
47.0785
47.6706
48.2743
48.878
49.4817
50.0738
50.6659
51.2697
51.8734
52.4771
53.0808
53.6845
54.265
54.8688
55.4725
56.0762
56.6799
57.2836
57.8641
58.4678
59.0716
59.6753
60.279
60.8827
61.4632
62.0669
62.6707
63.2744
63.8781
64.4818
65.0739
65.666
66.2698
66.8735
67.4772
68.0809
68.673
69.2651
69.8688
70.4726
71.0763
71.68
72.2721
72.8642
73.4679
74.0833
74.745
75.372
76.0105
76.6258
77.218
77.8101
78.4138
78.9943
79.598
80.2017
80.7822
81.3743
81.9664
82.5934
83.1971
83.8008
84.4045
85.0083
85.612
86.1925
86.7962
87.3999
88.0036
88.6073
89.2111
89.8032
90.3953
90.999
91.6027
92.2064
92.8102
93.4023
93.9944
94.5865
95.2018
95.8055
96.4092
97.013
97.6051
98.1972
98.8009
99.4046
100.008
100.612
101.193
101.796
102.4
103.004
103.607
104.211
104.792
105.395
105.999
106.603
107.207
107.81
108.402
108.994
109.598
110.202
110.806
111.409
112.013
112.594
113.197
113.801
114.405
115.008
115.612
116.216
116.808
117.4
118.004
118.608
119.211
119.815
120.395
120.999
121.603
122.207
122.81
123.402
123.995
124.598
125.202
125.806
126.409
127.013
127.594
128.197
128.801
129.405
130.009
130.612
131.204
131.796
132.4
133.004
133.608
134.211
134.803
135.396
135.999
136.603
137.207
137.81
138.403
138.995
139.598
140.202
140.806
141.41
142.002
142.594
143.197
143.801
144.405
145.009
145.612
146.216
146.797
147.4
148.004
148.608
149.211
149.815
150.43
151.092
151.731
152.346
152.95
153.53
154.134
154.738
155.318
155.922
156.526
157.106
157.71
158.325
158.941
159.521
160.125
160.729
161.332
161.936
162.54
163.132
163.724
164.328
164.931
165.535
166.139
166.742
167.323
167.927
168.53
169.134
169.738
170.342
170.945
171.526
172.13
172.733
173.337
173.941
174.533
175.125
175.729
176.332
176.936
177.54
178.143
178.736
179.339
179.931
180.535
181.139
181.743
182.323
182.927
183.531
184.134
184.738
185.342
185.934
186.526
187.13
187.733
188.337
188.941
189.533
190.125
190.729
191.332
191.936
192.54
193.144
193.747
194.328
194.932
195.535
196.139
196.743
197.335
197.927
198.531
199.134
199.738
200.342
200.945
201.526
202.13
202.733
203.337
203.941
204.545
205.137
205.729
206.333
206.936
207.54
208.144
208.747
209.328
209.932
210.535
211.139
211.743
212.323
212.927
213.531
214.134
214.738
215.342
215.934
216.526
217.13
217.734
218.337
218.941
219.533
220.125
220.729
221.333
221.936
222.54
223.144
223.724
224.328
224.932
225.535
226.139
226.766
227.37
228.066
228.751
229.518
230.354
231.166
232.025
232.885
233.779
234.672
235.543
236.414
237.285
238.144
239.003
239.874
240.744
241.615
242.428
243.241
244.03
244.82
245.516
246.213
246.863
247.513
248.163
248.813
249.464
250.102
250.741
251.368
251.995
252.621
253.225
253.829
254.409
254.99
255.605
256.221
256.836
257.428
258.02
258.624
259.228
259.831
260.423
261.016
261.608
262.2
262.792
263.349
263.906
264.464
265.009
265.555
266.135
266.716
267.297
267.889
268.481
269.119
269.758
270.396
271.023
271.65
272.266
272.881
273.496
274.112
274.727
275.331
275.934
276.515
277.095
277.676
278.21
278.744
279.278
279.8
280.323
280.869
281.414
281.96
282.482
283.005
283.527
284.073
284.619
285.164
285.733
286.302
286.871
287.44
288.009
288.543
289.077
289.611
290.122
290.633
291.143
291.654
292.165
292.676
293.198
293.721
294.243
294.766
295.288
295.857
296.426
296.995
297.564
298.133
298.701
299.27
299.839
300.431
301.023
301.616
302.219
302.823
303.404
303.984
304.565
305.122
305.679
306.26
306.84
307.421
308.001
308.57
309.139
