0.394739
0.789478
1.19583
1.60218
1.9737
2.322
2.67029
3.01859
3.3785
3.71519
4.0751
4.43501
4.78331
5.13161
5.47991
5.85143
6.19973
6.54803
6.89633
7.25624
7.61615
7.96444
8.31274
8.64943
8.99773
9.35764
9.71755
10.0775
10.4258
10.7741
11.134
11.4939
11.8422
12.1905
12.562
12.9103
13.2586
13.6069
13.9552
14.3035
14.6634
15.0233
15.3716
15.7199
16.0682
16.4281
16.788
17.1363
17.4846
17.8329
18.2044
18.5527
18.901
19.2493
19.5976
19.9692
20.3175
20.6658
21.0257
21.374
21.7339
22.0822
22.4305
22.7788
23.1271
23.4986
23.8469
24.1952
24.5435
24.8918
25.2401
25.6
25.9599
26.3082
26.6565
27.028
27.3763
27.7246
28.0729
28.4212
28.7695
29.141
29.4893
29.8376
30.1859
30.5458
30.9058
31.2541
31.6024
31.9623
32.3222
32.6705
33.0188
33.3671
33.7154
34.0869
34.4352
34.7835
35.1318
35.4801
35.84
36.1999
36.5482
36.8965
37.2448
37.6163
37.9646
38.3129
38.6612
39.0095
39.3578
39.7293
40.0776
40.4259
40.7742
41.1341
41.4941
41.8424
42.1907
42.5622
42.9105
43.2588
43.6071
43.9554
44.3037
44.652
45.0235
45.3718
45.7201
46.0684
46.4283
46.7882
47.1365
47.4848
47.8331
48.2046
48.5529
48.9012
49.2495
49.5978
49.9461
50.3176
50.6659
51.0142
51.3625
51.7224
52.0824
52.4307
52.779
53.1273
53.4872
53.8471
54.1954
54.5437
54.892
55.2403
55.5886
55.9485
56.3084
56.6683
57.0282
57.3765
57.7248
58.0731
58.4214
58.7813
59.1412
59.4895
59.8378
60.1861
60.546
60.9059
61.2542
61.6025
61.9624
62.3224
62.6707
63.019
63.3673
63.7156
64.0871
64.4354
64.7837
65.132
65.4803
65.8402
66.2001
66.5484
66.8967
67.245
67.6049
67.9648
68.3131
68.6614
69.0097
69.358
69.7295
70.0778
70.4261
70.7744
71.1343
71.4942
71.8425
72.1908
72.5391
72.9107
73.259
73.6073
73.9556
74.3039
74.6522
75.0237
75.372
75.7203
76.0686
76.4401
76.7884
77.1367
77.485
77.8449
78.2048
78.5531
78.9014
79.2497
79.598
79.9579
80.3178
80.6661
81.0144
81.3627
81.7226
82.0825
82.4308
82.7791
83.1274
83.499
83.8473
84.1956
84.5439
84.8922
85.2405
85.6004
85.9603
86.3086
86.6569
87.0168
87.3767
87.725
88.0733
88.4216
88.7699
89.1414
89.4897
89.838
90.1863
90.5462
90.9061
91.2544
91.6027
91.9626
92.3225
92.6708
93.0191
93.3674
93.7157
94.0756
94.4356
94.7839
95.1321
95.4805
95.8404
96.2003
96.5486
96.8969
97.2452
97.6051
97.965
98.3133
98.6616
99.0099
99.3582
99.7297
100.078
100.426
100.775
101.123
101.483
101.831
102.191
102.563
102.911
103.259
103.607
103.956
104.304
104.652
105.024
105.372
105.72
106.069
106.429
106.789
107.137
107.485
107.845
108.205
108.553
108.902
109.25
109.598
109.946
110.306
110.666
111.015
111.363
111.734
112.083
112.431
112.779
113.128
113.499
113.847
114.196
114.544
114.892
115.252
115.612
115.96
116.297
116.657
117.017
117.377
117.748
118.108
118.468
118.84
119.223
119.583
119.954
120.419
120.883
121.347
121.812
122.311
122.822
123.333
123.855
124.366
