0.417959
0.835918
1.25388
1.66023
2.06658
2.47293
2.87927
3.28562
3.69197
4.09832
4.51628
4.93424
5.34059
5.74694
6.14168
6.53642
6.93116
7.3259
7.70902
8.10376
8.51011
8.90485
9.29959
9.70594
10.1239
10.5302
10.9366
11.3429
11.7493
12.1556
12.562
12.9567
13.3631
13.7694
14.1526
14.5473
14.9304
15.3136
15.6967
16.0914
16.4862
16.8809
17.2524
17.6472
18.0303
18.4134
18.8082
19.1913
19.5744
19.9692
20.3523
20.7354
21.1302
21.5133
21.8964
22.2912
22.6743
23.0574
23.4522
23.8353
24.2184
24.6132
24.9963
25.3794
25.7741
26.1573
26.5404
26.9351
27.3183
27.713
28.0961
28.4909
28.874
29.2571
29.6403
30.0234
30.4181
30.8129
31.196
31.5791
31.9623
32.3454
32.7401
33.1233
33.5064
33.9011
34.2959
34.679
35.0621
35.4453
35.8284
36.2231
36.6179
37.001
37.3841
37.7789
38.162
38.5451
38.9399
39.323
39.7061
40.1009
40.484
40.8671
41.2619
41.645
42.0281
42.4112
42.806
43.1891
43.5839
43.967
44.3501
44.7332
45.1164
45.5111
45.9058
46.289
46.6721
47.0552
47.45
47.8331
48.2278
48.611
48.9941
49.3772
49.772
50.1551
50.5498
50.9446
51.3277
51.7108
52.094
52.4771
52.8718
53.2666
53.6497
54.0328
54.416
54.7991
55.1938
55.577
55.9601
56.3548
56.7496
57.1327
57.5158
57.899
58.2821
58.6768
59.06
59.4431
59.8378
60.221
60.6041
60.9988
61.382
61.7651
62.1598
62.5429
62.9261
63.3208
63.7039
64.0871
64.4818
64.8765
65.2597
65.6428
66.0376
66.4207
66.8038
67.1985
67.5817
67.9648
68.3595
68.7427
69.1258
69.5089
69.9037
70.2868
70.6815
71.0647
71.4478
71.8425
72.2257
72.6088
73.0035
73.3867
73.7698
74.1645
74.5477
74.9308
75.3139
75.6971
76.0918
76.4865
76.8697
77.2528
77.6475
78.0423
78.4254
78.8085
79.2033
79.5864
79.9695
80.3643
80.7474
81.1305
81.502
81.8968
82.2915
82.6863
83.0694
83.4525
83.8356
84.2188
84.6135
85.0083
85.3914
85.7745
86.1576
86.5408
86.9355
87.307
87.6786
88.0965
88.5261
88.9556
89.3852
89.8148
90.256
90.7204
91.1848
91.6492
92.1136
92.578
93.0424
93.5068
93.9712
94.4356
94.8883
95.3527
95.8055
96.2699
96.7343
97.1987
97.6631
98.1275
98.5919
99.0563
99.5091
99.9619
100.426
100.879
101.332
101.796
102.261
102.725
103.189
103.654
104.118
104.583
105.047
105.511
105.964
106.417
106.881
107.346
107.81
108.263
108.727
109.192
109.656
110.121
110.573
111.038
111.502
111.967
112.419
112.884
113.348
113.813
114.277
114.73
115.183
115.635
116.1
116.564
117.029
117.493
117.957
118.422
118.875
119.339
119.803
120.268
120.732
121.197
121.649
122.114
122.578
123.043
123.507
123.971
124.436
124.9
125.353
125.806
126.27
126.723
127.187
127.64
128.104
128.569
129.033
129.498
129.962
130.426
130.891
131.355
131.82
132.284
132.737
133.19
133.642
134.095
134.56
135.024
135.488
135.953
136.417
136.882
137.346
137.81
138.275
138.739
139.204
139.668
140.132
140.608
141.084
141.502
141.897
142.28
142.663
143.058
143.441
143.824
144.219
144.602
144.985
145.38
145.763
146.146
146.541
146.924
147.307
147.691
148.074
148.468
148.852
149.235
149.629
150.024
150.407
150.79
151.174
151.557
151.951
152.335
152.729
153.112
153.507
153.89
154.273
154.668
155.051
155.434
155.818
156.212
156.595
156.979
157.362
157.756
158.151
158.534
158.917
159.312
159.695
160.078
160.473
160.856
161.239
161.634
162.017
162.4
162.795
163.178
163.561
163.944
164.328
164.711
165.105
165.489
165.883
166.266
166.65
167.044
167.439
167.822
168.205
168.6
168.995
169.366
169.761
170.144
170.527
170.922
171.305
171.688
172.083
172.466
172.849
173.244
173.627
174.01
174.405
174.8
175.183
175.566
175.961
176.332
176.727
177.11
177.493
177.888
178.271
178.654
179.049
179.444
179.827
180.21
180.605
180.988
181.371
181.754
182.137
182.532
182.915
183.298
183.693
184.076
184.459
184.854
185.249
185.632
186.015
186.41
186.793
187.176
187.559
187.942
188.337
188.72
189.103
189.486
189.881
190.264
190.659
191.054
191.437
191.82
192.215
192.598
192.981
193.376
193.759
194.142
194.537
194.92
195.303
195.698
196.081
196.464
196.859
197.242
197.625
198.02
198.403
198.786
199.169
199.564
199.947
200.342
200.725
201.108
201.503
201.886
202.269
202.664
203.047
203.43
203.825
204.208
204.591
204.986
205.369
205.752
206.147
206.53
206.913
207.308
207.691
208.074
208.469
208.852
209.235
209.63
210.013
210.396
210.791
211.174
211.557
211.952
212.346
212.73
213.113
213.496
213.879
214.274
214.668
215.052
215.435
215.818
216.201
216.596
216.99
217.408
217.826
218.21
218.616
219.034
219.452
219.87
220.288
220.694
221.112
221.542
221.983
222.412
222.865
223.318
223.771
224.212
224.63
225.048
225.466
225.895
226.325
226.754
227.184
227.614
228.043
228.473
228.902
229.332
229.773
230.214
230.655
231.097
