0.557279
1.12617
1.68345
2.24073
2.80961
3.39011
3.99383
4.59755
5.18966
5.79338
6.38549
6.98921
7.59293
8.19664
8.78875
9.38086
9.98458
10.5883
11.192
11.7957
12.3878
12.98
13.5837
14.1874
14.7911
15.3948
15.9985
16.5907
17.1828
17.7865
18.3902
18.9939
19.5976
20.1898
20.7819
21.3856
21.9893
22.593
23.1967
23.7888
24.381
24.9847
25.5884
26.1921
26.7958
27.3995
27.9917
28.5838
29.1875
29.7912
30.3949
30.987
31.5907
32.1829
32.7866
33.3903
33.994
34.5977
35.1898
35.7819
36.3857
36.9894
37.5931
38.1852
38.7773
39.381
39.9848
40.5885
41.1922
41.7959
42.388
42.9801
43.5839
44.1876
44.7913
45.395
45.9987
46.5908
47.1829
47.7867
48.3904
49.0057
49.6094
50.2015
50.7937
51.3858
51.9779
52.57
53.1737
53.7774
54.3695
54.9732
55.577
56.1691
56.7728
57.3765
57.9802
58.5839
59.1877
59.7798
60.3719
60.9756
61.5793
62.183
62.7868
63.3789
63.9826
64.5747
65.1668
65.7821
66.3858
66.9896
67.5817
68.1738
68.7775
69.3812
69.9849
70.577
71.1692
71.7729
72.3766
72.9803
73.584
74.1761
74.7682
75.372
75.9757
76.5794
77.1831
77.7868
78.379
78.9711
79.5748
80.1785
80.7822
81.3859
81.9781
82.5702
83.1739
83.7776
84.3813
84.985
85.5771
86.1693
86.773
87.3767
87.9804
88.5841
89.1646
89.7683
90.3721
90.9758
91.5795
92.1832
92.7869
93.379
93.9712
94.5749
95.1786
95.7823
96.386
96.9781
97.5702
98.174
98.7777
99.3814
99.9851
100.589
101.181
101.773
102.377
103.039
103.689
104.35
105.024
105.686
106.347
107.021
107.694
108.356
109.018
109.679
110.341
111.015
111.688
112.35
113.012
113.685
114.347
115.008
115.682
116.355
117.017
117.679
118.352
119.014
119.676
120.349
121.011
121.673
122.346
123.008
123.669
124.343
125.016
125.69
126.363
127.025
127.687
128.36
129.01
129.683
130.345
131.007
131.68
132.342
133.004
133.677
134.351
135.024
135.674
136.336
136.998
137.66
138.321
138.995
139.668
140.318
140.957
141.584
142.211
142.849
143.499
144.173
144.834
145.496
146.158
146.831
147.493
148.167
148.84
149.502
150.163
150.837
151.499
152.16
152.822
153.496
154.157
154.819
155.481
156.154
156.828
157.501
158.174
158.836
159.498
160.171
160.821
161.495
162.168
162.83
163.492
164.165
164.838
165.5
166.162
166.673
167.184
167.683
168.078
168.484
168.89
169.285
169.68
170.086
170.481
170.876
171.27
171.677
172.083
172.478
172.884
173.291
173.708
174.115
174.521
174.939
175.357
175.763
176.158
176.565
176.971
177.377
177.784
178.19
178.596
179.003
179.409
179.815
180.222
180.64
181.058
181.452
181.847
182.23
182.625
183.02
183.414
183.809
184.192
184.622
185.063
185.504
185.922
186.34
186.758
187.176
187.582
187.989
188.407
188.813
189.219
189.637
190.055
190.38
190.705
191.042
191.379
191.716
192.052
192.377
192.702
193.039
